0 1578636709733
1 1578636714667
2 1578636719635
3 1578636724683
4 1578636729701
5 1578636734663
6 1578636739693
7 1578636744698
8 1578636749666
9 1578636754725
10 1578636759721
11 1578636764729
12 1578636769696
13 1578636774682
14 1578636779770
15 1578636784763
16 1578636789891
17 1578636794738
18 1578636799801
19 1578636804856
20 1578636809817
21 1578636814861
22 1578636819785
23 1578636824822
24 1578636829895
25 1578636834869
26 1578636839918
27 1578636844844
28 1578636850083
29 1578636854908
30 1578636859948
31 1578636864880
32 1578636869879
33 1578636874940
34 1578636879949
35 1578636884979
36 1578636890015
37 1578636894956
38 1578636899968
39 1578636904954
40 1578636910017
41 1578636915024
42 1578636920033
43 1578636925063
44 1578636930004
45 1578636935031
46 1578636940017
47 1578636945080
48 1578636950109
49 1578636955062
50 1578636960140
51 1578636965142
52 1578636970173
53 1578636975156
54 1578636980159
55 1578636985159
56 1578636990169
57 1578636995185
58 1578637000172
59 1578637005160
60 1578637010154
61 1578637015274
62 1578637020278
63 1578637025216
64 1578637030232
65 1578637035213
66 1578637040289
67 1578637045268
68 1578637050478
69 1578637055271
70 1578637060286
71 1578637065291
72 1578637070306
73 1578637075314
74 1578637080333
75 1578637085317
76 1578637090371
77 1578637095310
78 1578637100360
79 1578637105405
80 1578637110413
81 1578637115590
82 1578637120474
83 1578637125469
84 1578637130436
85 1578637135439
86 1578637140468
87 1578637145383
88 1578637150452
89 1578637155449
90 1578637160515
91 1578637165484
92 1578637170434
93 1578637175510
94 1578637180507
95 1578637185472
96 1578637190513
97 1578637195539
98 1578637200552
99 1578637205568
100 1578637210585
101 1578637215619
102 1578637220638
103 1578637225599
104 1578637230637
105 1578637235593
106 1578637240644
107 1578637245613
108 1578637250684
109 1578637255607
110 1578637260700
111 1578637265674
112 1578637270670
113 1578637275694
114 1578637280698
115 1578637285758
116 1578637290644
117 1578637295710
118 1578637300756
119 1578637305737
120 1578637310781
121 1578637315724
122 1578637320808
123 1578637325758
124 1578637330727
125 1578637335813
126 1578637340821
127 1578637345829
128 1578637350880
129 1578637355852
130 1578637360908
131 1578637365860
132 1578637370961
133 1578637375880
134 1578637380878
135 1578637385835
136 1578637390911
137 1578637395922
138 1578637400930
139 1578637405927
140 1578637410910
141 1578637415906
142 1578637421008
143 1578637425931
144 1578637430939
145 1578637436002
146 1578637440994
147 1578637446007
148 1578637451049
149 1578637455961
150 1578637461047
151 1578637465989
152 1578637470963
153 1578637475985
154 1578637481127
155 1578637486083
156 1578637491067
157 1578637496130
158 1578637501160
159 1578637506176
160 1578637511116
161 1578637516113
162 1578637521201
163 1578637526045
164 1578637531120
165 1578637536123
166 1578637541181
167 1578637546131
168 1578637551158
169 1578637556178
170 1578637561182
171 1578637566158
172 1578637571198
173 1578637576159
174 1578637581237
175 1578637586190
176 1578637591264
177 1578637596482
178 1578637601273
179 1578637606263
180 1578637611296
181 1578637616244
182 1578637621317
183 1578637626265
184 1578637631320
185 1578637636344
186 1578637641395
187 1578637646310
188 1578637651352
189 1578637656370
190 1578637661390
191 1578637666357
192 1578637671345
193 1578637676407
194 1578637681428
195 1578637686473
196 1578637691433
197 1578637696681
198 1578637701447
199 1578637706428
200 1578637711598
201 1578637716471
202 1578637721508
203 1578637726442
204 1578637731507
205 1578637736522
206 1578637741536
207 1578637746544
208 1578637751502
209 1578637756566
210 1578637761868
211 1578637766624
212 1578637771563
213 1578637776556
214 1578637781666
215 1578637786588
216 1578637791581
217 1578637796592
218 1578637801657
219 1578637806596
220 1578637811711
221 1578637816673
222 1578637821682
223 1578637826663
224 1578637831708
225 1578637836715
226 1578637841729
227 1578637846664
228 1578637851731
229 1578637857006
230 1578637861738
231 1578637866779
232 1578637871712
233 1578637876797
234 1578637881806
235 1578637886866
236 1578637891753
237 1578637896806
238 1578637901863
239 1578637906861
240 1578637911783
241 1578637916853
242 1578637921862
243 1578637926814
244 1578637931901
245 1578637936881
246 1578637941895
247 1578637946909
248 1578637951857
249 1578637956855
250 1578637961940
251 1578637966909
252 1578637971948
253 1578637976866
254 1578637981880
255 1578637986936
256 1578637991890
257 1578637996918
258 1578638001991
259 1578638006969
260 1578638011981
261 1578638017011
262 1578638022099
263 1578638027295
264 1578638032027
265 1578638036979
266 1578638042345
267 1578638047058
268 1578638052066
269 1578638057099
270 1578638062092
271 1578638067089
272 1578638072114
273 1578638077061
274 1578638082180
275 1578638087066
276 1578638092144
277 1578638097147
278 1578638102154
279 1578638107151
280 1578638112168
281 1578638117161
282 1578638122192
283 1578638127290
284 1578638132144
285 1578638137221
286 1578638142228
287 1578638147252
288 1578638152198
289 1578638157371
290 1578638162250
291 1578638167263
292 1578638172371
293 1578638177240
294 1578638182297
295 1578638187241
296 1578638192249
297 1578638197260
298 1578638202361
299 1578638207319
300 1578638212377
301 1578638217298
302 1578638222401
303 1578638227315
304 1578638232383
305 1578638237400
306 1578638242401
307 1578638247404
308 1578638252464
309 1578638257423
310 1578638262450
311 1578638267447
312 1578638272434
313 1578638277429
314 1578638282473
315 1578638287442
316 1578638292520
317 1578638297512
318 1578638302524
319 1578638307489
320 1578638312789
321 1578638317492
322 1578638322547
323 1578638327604
324 1578638332547
325 1578638337580
326 1578638342623
327 1578638347612
328 1578638352634
329 1578638357645
330 1578638362642
331 1578638367648
332 1578638372649
333 1578638377653
334 1578638382662
335 1578638387623
336 1578638392695
337 1578638397716
338 1578638402721
339 1578638407721
340 1578638412719
341 1578638417740
342 1578638422782
343 1578638427752
344 1578638432739
345 1578638437721
346 1578638442796
347 1578638447775
348 1578638452811
349 1578638457880
350 1578638462866
351 1578638467773
352 1578638472853
353 1578638477860
354 1578638482874
355 1578638487880
356 1578638492913
357 1578638497886
358 1578638502937
359 1578638507882
360 1578638512924
361 1578638517953
362 1578638523029
363 1578638527904
364 1578638532971
365 1578638537966
366 1578638542993
367 1578638548221
368 1578638552929
369 1578638558029
370 1578638563008
371 1578638568013
372 1578638572961
373 1578638577982
374 1578638583147
375 1578638587980
376 1578638593009
377 1578638598018
378 1578638603164
379 1578638608073
380 1578638613071
381 1578638618071
382 1578638623157
383 1578638628100
384 1578638633362
385 1578638638119
386 1578638643455
387 1578638648221
388 1578638653188
389 1578638658204
390 1578638663476
391 1578638668221
392 1578638673426
393 1578638678229
394 1578638683233
395 1578638688252
396 1578638693213
397 1578638698298
398 1578638703308
399 1578638708294
400 1578638713304
401 1578638718318
402 1578638723345
403 1578638728310
404 1578638733371
405 1578638738315
406 1578638743371
407 1578638748302
408 1578638753317
409 1578638758407
410 1578638763434
411 1578638768460
412 1578638773394
413 1578638778355
414 1578638783453
415 1578638788427
416 1578638793409
417 1578638798438
418 1578638803497
419 1578638808411
420 1578638813539
421 1578638818486
422 1578638823491
423 1578638828433
424 1578638833526
425 1578638838441
426 1578638843565
427 1578638848552
428 1578638853576
429 1578638858601
430 1578638863623
431 1578638868596
432 1578638873616
433 1578638878623
434 1578638883632
435 1578638888618
436 1578638893651
437 1578638898641
438 1578638903679
439 1578638908654
440 1578638913649
441 1578638918700
442 1578638923737
443 1578638928717
444 1578638933749
445 1578638938727
446 1578638943771
447 1578638948747
448 1578638953779
449 1578638958729
450 1578638963832
451 1578638968788
452 1578638973801
453 1578638978807
454 1578638983851
455 1578638988875
456 1578638993849
457 1578638998833
458 1578639003911
459 1578639008884
460 1578639013881
461 1578639018871
462 1578639023909
463 1578639029181
464 1578639033914
465 1578639038898
466 1578639043906
467 1578639048881
468 1578639054164
469 1578639058937
470 1578639063956
471 1578639068901
472 1578639073943
473 1578639078918
474 1578639083992
475 1578639088963
476 1578639093974
477 1578639099014
478 1578639104050
479 1578639109030
480 1578639113998
481 1578639119044
482 1578639124052
483 1578639128996
484 1578639134047
485 1578639139081
486 1578639144103
487 1578639149045
488 1578639154094
489 1578639159110
490 1578639164134
491 1578639169148
492 1578639174178
493 1578639179167
494 1578639184175
495 1578639189182
496 1578639194213
497 1578639199208
498 1578639204220
499 1578639209216
500 1578639214280
501 1578639219189
502 1578639224264
503 1578639229279
504 1578639234253
505 1578639239383
506 1578639244309
507 1578639249227
508 1578639254266
509 1578639259328
510 1578639264334
511 1578639269373
512 1578639274394
513 1578639279350
514 1578639284387
515 1578639289379
516 1578639294401
517 1578639299414
518 1578639304423
519 1578639309420
520 1578639314435
521 1578639319452
522 1578639324462
523 1578639329438
524 1578639334467
525 1578639339473
526 1578639344484
527 1578639349423
528 1578639354500
529 1578639359447
530 1578639364530
531 1578639369551
532 1578639374748
533 1578639379587
534 1578639384591
535 1578639389570
536 1578639394583
537 1578639399581
538 1578639404599
539 1578639409620
540 1578639414548
541 1578639419663
542 1578639424710
543 1578639429642
544 1578639434631
545 1578639439857
546 1578639444670
547 1578639449923
548 1578639454682
549 1578639459687
550 1578639464740
551 1578639469650
552 1578639474735
553 1578639479919
554 1578639484750
555 1578639489737
556 1578639494948
557 1578639499762
558 1578639504773
559 1578639509785
560 1578639514799
561 1578639519856
562 1578639524969
563 1578639529862
564 1578639534784
565 1578639539836
566 1578639544856
567 1578639550097
568 1578639554874
569 1578639559812
570 1578639564998
571 1578639569908
572 1578639574872
573 1578639579917
574 1578639584912
575 1578639589926
576 1578639594958
577 1578639599962
578 1578639604985
579 1578639609969
580 1578639614961
581 1578639619953
582 1578639625002
583 1578639629944
584 1578639634967
585 1578639640042
586 1578639645059
587 1578639650044
588 1578639655054
589 1578639660014
590 1578639665097
591 1578639670084
592 1578639675115
593 1578639680088
594 1578639685110
595 1578639690106
596 1578639695070
597 1578639700107
598 1578639705173
599 1578639710091
600 1578639715850
601 1578639720109
602 1578639725192
603 1578639730113
604 1578639735392
605 1578639740221
606 1578639745222
607 1578639750213
608 1578639755230
609 1578639760265
610 1578639765298
611 1578639770262
612 1578639775282
613 1578639780270
614 1578639785343
615 1578639790321
616 1578639795274
617 1578639800340
618 1578639805352
619 1578639810380
620 1578639815406
621 1578639820383
622 1578639825367
623 1578639830396
624 1578639835388
625 1578639840367
626 1578639845397
627 1578639850374
628 1578639855427
629 1578639860428
630 1578639865470
631 1578639870444
632 1578639875461
633 1578639880472
634 1578639885476
635 1578639890486
636 1578639895703
637 1578639900500
638 1578639905581
639 1578639910510
640 1578639915521
641 1578639920560
642 1578639925541
643 1578639930554
644 1578639935561
645 1578639940580
646 1578639945590
647 1578639950548
648 1578639955590
649 1578639960809
650 1578639965617
651 1578639970619
652 1578639975644
653 1578639980593
654 1578639985651
655 1578639990648
656 1578639995677
657 1578640000653
658 1578640005688
659 1578640010955
660 1578640015706
661 1578640020699
662 1578640025714
663 1578640030689
664 1578640035757
665 1578640040748
666 1578640045744
667 1578640050723
668 1578640055712
669 1578640060774
670 1578640065827
671 1578640071037
672 1578640075801
673 1578640080825
674 1578640085851
675 1578640090870
676 1578640095863
677 1578640100852
678 1578640105941
679 1578640110804
680 1578640115868
681 1578640120804
682 1578640125893
683 1578640130838
684 1578640135889
685 1578640140907
686 1578640145922
687 1578640150945
688 1578640155886
689 1578640160960
690 1578640165945
691 1578640170988
692 1578640175998
693 1578640180969
694 1578640186058
695 1578640190983
696 1578640196034
697 1578640201017
698 1578640206032
699 1578640210975
700 1578640216169
701 1578640221058
702 1578640226041
703 1578640231042
704 1578640236048
705 1578640241098
706 1578640246101
707 1578640251333
708 1578640256104
709 1578640261111
710 1578640266193
711 1578640271201
712 1578640276127
713 1578640281209
714 1578640286214
715 1578640291194
716 1578640296193
717 1578640301156
718 1578640306243
719 1578640311249
720 1578640316250
721 1578640321290
722 1578640326372
723 1578640331202
724 1578640336279
725 1578640341320
726 1578640346308
727 1578640351297
728 1578640356308
729 1578640361330
730 1578640366332
731 1578640371328
732 1578640376311
733 1578640381330
734 1578640386389
735 1578640391412
736 1578640396380
737 1578640401385
738 1578640406411
739 1578640411481
740 1578640416387
741 1578640421455
742 1578640426421
743 1578640431478
744 1578640436494
745 1578640441518
746 1578640446506
747 1578640451591
748 1578640456712
749 1578640461563
750 1578640466516
751 1578640471534
752 1578640476607
753 1578640481550
754 1578640486566
755 1578640491606
756 1578640496589
757 1578640501599
758 1578640506601
759 1578640511650
760 1578640516618
761 1578640521703
762 1578640526647
763 1578640531664
764 1578640536670
765 1578640541711
766 1578640546711
767 1578640551704
768 1578640556693
769 1578640561809
770 1578640566582
771 1578640572263
772 1578640577132
773 1578640581756
774 1578640586681
775 1578640591689
776 1578640596730
777 1578640601918
778 1578640606792
779 1578640611728
780 1578640616773
781 1578640621807
782 1578640626803
783 1578640632053
784 1578640636804
785 1578640641884
786 1578640646853
787 1578640651907
788 1578640656870
789 1578640661931
790 1578640666880
791 1578640671809
792 1578640676901
793 1578640682003
794 1578640686907
795 1578640691945
796 1578640696942
797 1578640701964
798 1578640706959
799 1578640711853
800 1578640717081
801 1578640721991
802 1578640726988
803 1578640731994
804 1578640737040
805 1578640742024
806 1578640747014
807 1578640752039
808 1578640757024
809 1578640762051
810 1578640767011
811 1578640772026
812 1578640777060
813 1578640782126
814 1578640787094
815 1578640792101
816 1578640797112
817 1578640802128
818 1578640807115
819 1578640812148
820 1578640817139
821 1578640822176
822 1578640827165
823 1578640832170
824 1578640837187
825 1578640842251
826 1578640847203
827 1578640852225
828 1578640857214
829 1578640862263
830 1578640867553
831 1578640872236
832 1578640877258
833 1578640882532
834 1578640887304
835 1578640892504
836 1578640897298
837 1578640902331
838 1578640907348
839 1578640912298
840 1578640917319
841 1578640922336
842 1578640927351
843 1578640932339
844 1578640937379
845 1578640942427
846 1578640947356
847 1578640952400
848 1578640957391
849 1578640962371
850 1578640967359
851 1578640972407
852 1578640977370
853 1578640982443
854 1578640987438
855 1578640992455
856 1578640997468
857 1578641002482
858 1578641007477
859 1578641012471
860 1578641017499
861 1578641022524
862 1578641027503
863 1578641032507
864 1578641037722
865 1578641042547
866 1578641047533
867 1578641052569
868 1578641057560
869 1578641062611
870 1578641067519
871 1578641072529
872 1578641077560
873 1578641082602
874 1578641087582
875 1578641092627
876 1578641097647
877 1578641102654
878 1578641107661
879 1578641112651
880 1578641117696
881 1578641122688
882 1578641127648
883 1578641132618
884 1578641137711
885 1578641142720
886 1578641147693
887 1578641152706
888 1578641157700
889 1578641162780
890 1578641167722
891 1578641172740
892 1578641177673
893 1578641182755
894 1578641187753
895 1578641192795
896 1578641197735
897 1578641203067
898 1578641208068
899 1578641212812
900 1578641217930
901 1578641222861
902 1578641227816
903 1578641232784
904 1578641237819
905 1578641242898
906 1578641247868
907 1578641252874
908 1578641257866
909 1578641262917
910 1578641267911
911 1578641272898
912 1578641277910
913 1578641282941
914 1578641287922
915 1578641292949
916 1578641297955
917 1578641302981
918 1578641307955
919 1578641313187
920 1578641317974
921 1578641323037
922 1578641327970
923 1578641333009
924 1578641338033
925 1578641343080
926 1578641348006
927 1578641353067
928 1578641358087
929 1578641363082
930 1578641368267
931 1578641373102
932 1578641378097
933 1578641383160
934 1578641388111
935 1578641393140
936 1578641398150
937 1578641403156
938 1578641408182
939 1578641413162
940 1578641418166
941 1578641423177
942 1578641428217
943 1578641433332
944 1578641438133
945 1578641443251
946 1578641448396
947 1578641453220
948 1578641458230
949 1578641463233
950 1578641468453
951 1578641473239
952 1578641478208
953 1578641483297
954 1578641488306
955 1578641493252
956 1578641498197
957 1578641503300
958 1578641508254
959 1578641513249
960 1578641518498
961 1578641523310
962 1578641528336
963 1578641533299
964 1578641538402
965 1578641543352
966 1578641548417
967 1578641553361
968 1578641558381
969 1578641563393
970 1578641568401
971 1578641573347
972 1578641578414
973 1578641583408
974 1578641588444
975 1578641593483
976 1578641598483
977 1578641603471
978 1578641608460
979 1578641613469
980 1578641618498
981 1578641623501
982 1578641628505
983 1578641633511
984 1578641638549
985 1578641643548
986 1578641648554
987 1578641653536
988 1578641658551
989 1578641663593
990 1578641668561
991 1578641673620
992 1578641678525
993 1578641683634
994 1578641688613
995 1578641693581
996 1578641698620
997 1578641703650
998 1578641708642
999 1578641713638
