0 1578283623762
1 1578283633781
2 1578283643806
3 1578283653836
4 1578283663863
5 1578283673889
6 1578283683917
7 1578283693944
8 1578283703976
9 1578283714004
10 1578283724029
11 1578283734059
12 1578283744084
13 1578283754113
14 1578283764143
15 1578283774170
16 1578283784200
17 1578283794226
18 1578283804257
19 1578283814284
20 1578283824309
21 1578283834339
22 1578283844366
23 1578283854393
24 1578283864423
25 1578283874447
26 1578283884475
27 1578283894502
28 1578283904528
29 1578283914555
30 1578283924582
31 1578283934608
32 1578283944639
33 1578283954664
34 1578283964690
35 1578283974718
36 1578283984744
37 1578283994772
38 1578284004802
39 1578284014830
40 1578284024854
41 1578284034882
42 1578284044951
43 1578284054977
44 1578284065003
45 1578284075031
46 1578284085061
47 1578284095085
48 1578284105108
49 1578284115128
50 1578284125154
51 1578284135183
52 1578284145209
53 1578284155235
54 1578284165261
55 1578284175284
56 1578284185314
57 1578284195343
58 1578284205369
59 1578284215397
60 1578284225424
61 1578284235448
62 1578284245472
63 1578284255500
64 1578284265525
65 1578284275562
66 1578284285591
67 1578284295623
68 1578284305660
69 1578284315684
70 1578284325721
71 1578284335762
72 1578284345796
73 1578284355821
74 1578284365866
75 1578284375903
76 1578284385927
77 1578284395966
78 1578284405990
79 1578284416018
80 1578284426042
81 1578284436065
82 1578284446092
83 1578284456117
84 1578284466142
85 1578284476172
86 1578284486198
87 1578284496223
88 1578284506248
89 1578284516275
90 1578284526300
91 1578284536323
92 1578284546346
93 1578284556376
94 1578284566401
95 1578284576425
96 1578284586453
97 1578284596477
98 1578284606501
99 1578284616522
100 1578284626546
101 1578284636572
102 1578284646595
103 1578284656623
104 1578284666647
105 1578284676670
106 1578284686694
107 1578284696725
108 1578284706747
109 1578284716776
110 1578284726800
111 1578284736824
112 1578284746846
113 1578284756869
114 1578284766893
115 1578284776917
116 1578284786942
117 1578284796967
118 1578284806993
119 1578284817017
120 1578284827041
121 1578284837063
122 1578284847088
123 1578284857110
124 1578284867134
125 1578284877160
126 1578284887183
127 1578284897205
128 1578284907230
129 1578284917256
130 1578284927281
131 1578284937303
132 1578284947327
133 1578284957353
134 1578284967379
135 1578284977402
136 1578284987425
137 1578284997445
138 1578285007462
139 1578285017486
140 1578285027513
141 1578285037539
142 1578285047566
143 1578285057592
144 1578285067617
145 1578285077642
146 1578285087668
147 1578285097692
148 1578285107719
149 1578285117743
150 1578285127766
151 1578285137791
152 1578285147815
153 1578285157838
154 1578285167863
155 1578285177886
156 1578285187910
157 1578285197936
158 1578285207963
159 1578285217984
160 1578285228006
161 1578285238033
162 1578285248058
163 1578285258085
164 1578285268107
165 1578285278130
166 1578285288153
167 1578285298177
168 1578285308200
169 1578285318224
170 1578285328247
171 1578285338270
172 1578285348292
173 1578285358316
174 1578285368341
175 1578285378364
176 1578285388385
177 1578285398407
178 1578285408428
179 1578285418452
180 1578285428476
181 1578285438500
182 1578285448524
183 1578285458545
184 1578285468570
185 1578285478595
186 1578285488617
187 1578285498643
188 1578285508667
189 1578285518692
190 1578285528717
191 1578285538744
192 1578285548766
193 1578285558791
194 1578285568815
195 1578285578838
196 1578285588863
197 1578285598885
198 1578285608907
199 1578285618931
200 1578285628953
201 1578285638977
202 1578285649000
203 1578285659017
204 1578285669044
205 1578285679065
206 1578285689086
207 1578285699107
208 1578285709132
209 1578285719153
210 1578285729168
211 1578285739190
212 1578285749213
213 1578285759237
214 1578285769262
215 1578285779284
216 1578285789308
217 1578285799328
218 1578285809353
219 1578285819375
220 1578285829400
221 1578285839423
222 1578285849444
223 1578285859464
224 1578285869486
225 1578285879510
226 1578285889529
227 1578285899554
228 1578285909579
229 1578285919603
230 1578285929626
231 1578285939651
232 1578285949671
233 1578285959695
234 1578285969720
235 1578285979742
236 1578285989766
237 1578285999785
238 1578286009806
239 1578286019828
240 1578286029851
241 1578286039876
242 1578286049898
243 1578286059923
244 1578286069945
245 1578286079966
246 1578286089990
247 1578286100010
248 1578286110029
249 1578286120054
250 1578286130075
251 1578286140098
252 1578286150119
253 1578286160143
254 1578286170160
255 1578286180179
256 1578286190207
257 1578286200220
258 1578286210241
259 1578286220261
260 1578286230274
261 1578286240293
262 1578286250312
263 1578286260323
264 1578286270341
265 1578286280361
266 1578286290373
267 1578286300390
268 1578286310408
269 1578286320471
270 1578286330494
271 1578286340517
272 1578286350530
273 1578286360551
274 1578286370571
275 1578286380582
276 1578286390601
277 1578286400620
278 1578286410633
279 1578286420652
280 1578286430672
281 1578286440686
282 1578286450704
283 1578286460723
284 1578286470743
285 1578286480765
286 1578286490786
287 1578286500798
288 1578286510816
289 1578286520836
290 1578286530849
291 1578286540866
292 1578286550887
293 1578286560908
294 1578286570930
295 1578286580954
296 1578286590972
297 1578286600993
298 1578286611010
299 1578286621028
300 1578286631045
301 1578286641067
302 1578286651086
303 1578286661105
304 1578286671127
305 1578286681145
306 1578286691164
307 1578286701184
308 1578286711203
309 1578286721222
310 1578286731242
311 1578286741262
312 1578286751280
313 1578286761300
314 1578286771317
315 1578286781335
316 1578286791352
317 1578286801372
318 1578286811389
319 1578286821408
320 1578286831425
321 1578286841445
322 1578286851464
323 1578286861484
324 1578286871506
325 1578286881524
326 1578286891544
327 1578286901562
328 1578286911580
329 1578286921603
330 1578286931621
331 1578286941640
332 1578286951658
333 1578286961678
334 1578286971697
335 1578286981717
336 1578286991736
337 1578287001755
338 1578287011773
339 1578287021791
340 1578287031802
341 1578287041813
342 1578287051822
343 1578287061837
344 1578287071848
345 1578287081859
346 1578287091868
347 1578287101877
348 1578287111887
349 1578287121896
350 1578287131907
351 1578287141917
352 1578287151933
353 1578287161949
354 1578287171969
355 1578287181986
356 1578287192004
357 1578287202024
358 1578287212038
359 1578287222058
360 1578287232075
361 1578287242091
362 1578287252110
363 1578287262129
364 1578287272144
365 1578287282160
366 1578287292175
367 1578287302194
368 1578287312210
369 1578287322225
370 1578287332241
371 1578287342257
372 1578287352274
373 1578287362293
374 1578287372309
375 1578287382326
376 1578287392343
377 1578287402360
378 1578287412386
379 1578287422403
380 1578287432420
381 1578287442438
382 1578287452451
383 1578287462463
384 1578287472479
385 1578287482493
386 1578287492510
387 1578287502528
388 1578287512545
389 1578287522564
390 1578287532583
391 1578287542602
392 1578287552623
393 1578287562640
394 1578287572656
395 1578287582675
396 1578287592692
397 1578287602710
398 1578287612726
399 1578287622743
400 1578287632758
401 1578287642774
402 1578287652792
403 1578287662812
404 1578287672834
405 1578287682849
406 1578287692867
407 1578287702884
408 1578287712901
409 1578287722917
410 1578287732933
411 1578287742950
412 1578287752965
413 1578287762983
414 1578287773001
415 1578287783018
416 1578287793037
417 1578287803055
418 1578287813072
419 1578287823089
420 1578287833105
421 1578287843125
422 1578287853141
423 1578287863156
424 1578287873172
425 1578287883189
426 1578287893204
427 1578287903223
428 1578287913239
429 1578287923255
430 1578287933270
431 1578287943286
432 1578287953302
433 1578287963319
434 1578287973337
435 1578287983353
436 1578287993373
437 1578288003385
438 1578288013401
439 1578288023418
440 1578288033434
441 1578288043450
442 1578288053467
443 1578288063484
444 1578288073503
445 1578288083519
446 1578288093536
447 1578288103552
448 1578288113568
449 1578288123582
450 1578288133599
451 1578288143620
452 1578288153637
453 1578288163656
454 1578288173672
455 1578288183688
456 1578288193706
457 1578288203724
458 1578288213739
459 1578288223757
460 1578288233782
461 1578288243797
462 1578288253812
463 1578288263827
464 1578288273846
465 1578288283866
466 1578288293884
467 1578288303899
468 1578288313915
469 1578288323930
470 1578288333949
471 1578288343966
472 1578288353984
473 1578288363995
474 1578288374011
475 1578288384026
476 1578288394040
477 1578288404055
478 1578288414069
479 1578288424084
480 1578288434100
481 1578288444117
482 1578288454134
483 1578288464149
484 1578288474169
485 1578288484184
486 1578288494203
487 1578288504221
488 1578288514238
489 1578288524255
490 1578288534273
491 1578288544291
492 1578288554310
493 1578288564326
494 1578288574344
495 1578288584360
496 1578288594377
497 1578288604395
498 1578288614412
499 1578288624427
